100 1000
0 1000
1 999
2 998
3 997
4 996
5 995
6 994
7 993
8 992
9 991
10 990
11 989
12 988
13 987
14 986
15 985
16 984
17 983
18 982
19 981
20 980
21 979
22 978
23 977
24 976
25 975
26 974
27 973
28 972
29 971
30 970
31 969
32 968
33 967
34 966
35 965
36 964
37 963
38 962
39 961
40 960
41 959
42 958
43 957
44 956
45 955
46 954
47 953
48 952
49 951
50 950
51 949
52 948
53 947
54 946
55 945
56 944
57 943
58 942
59 941
60 940
61 939
62 938
63 937
64 936
65 935
66 934
67 933
68 932
69 931
70 930
71 929
72 928
73 927
74 926
75 925
76 924
77 923
78 922
79 921
80 920
81 919
82 918
83 917
84 916
85 915
86 914
87 913
88 912
89 911
90 910
91 909
92 908
93 907
94 906
95 905
96 904
97 903
98 902
99 901
