900
7902
5098
8137
8859
3731
5092
2784
7581
5279
5012
5718
1183
9222
794
6950
8861
4787
2275
1656
3975
3605
9319
5195
976
3752
8895
2852
6022
2196
4189
9793
8623
2372
9355
9191
4143
6103
5995
8995
9527
1585
9961
313
7077
1655
9568
2871
3632
9063
8827
5523
4992
7962
1771
2277
7928
3338
6482
6812
4627
2600
9915
943
6905
6045
7095
5015
49
5419
805
687
8617
2293
336
9081
9043
475
409
9756
6393
9164
3853
8483
5120
6090
4144
4291
6151
2329
6379
8742
5157
3036
7803
2917
9353
799
1462
76
2659
842
9092
4456
1579
9792
1821
9184
6641
2229
9798
8770
6724
1735
4324
4145
6146
5669
8587
723
6823
5378
5598
2443
377
6066
4416
7271
7501
3043
8256
2122
4461
3567
579
7679
9047
5999
7752
6066
836
496
9376
6860
3111
7951
9866
9396
6261
6410
7402
1839
5033
6667
8804
9999
4454
1284
1470
1342
1787
3721
5931
2183
4352
6821
5149
8514
5559
2363
9127
3451
4001
5884
5937
6755
2944
3520
2765
4406
65
54
3049
8689
9772
9913
8322
1776
2963
5315
5839
8250
1555
8302
5601
4568
7632
5862
2840
5900
9563
9864
4594
3344
9913
6034
1434
6964
2522
8679
7960
2626
8562
375
8145
3103
3940
8359
4129
6420
2886
1814
9554
6896
5056
6793
1033
6869
6010
7977
3846
9557
3409
9013
463
6033
3757
5618
2976
1778
7048
8197
3048
788
9162
3177
5461
7692
4343
4784
3862
857
2611
1470
9801
1959
9446
3726
8652
9958
7600
2488
8517
9987
3358
9853
696
85
2122
6337
2826
1269
631
1375
8281
8906
5683
6297
7926
5847
1692
1496
2812
298
1930
2000
8921
3903
790
8169
7539
7991
6920
745
7360
8473
9574
1959
6913
2349
3007
6927
8405
1290
6289
2044
6569
275
8348
9600
8625
1743
604
334
3928
8232
2043
8154
4415
8972
4056
3719
9431
8401
4900
6131
1037
7080
6127
4435
8391
7957
5814
3153
2289
3476
5945
8569
3476
1469
3787
4985
798
334
9605
2670
7814
6430
5558
1713
8937
9190
3120
8504
8721
1907
8870
4060
368
8652
995
5918
2062
321
1352
7812
2214
5241
426
3842
7224
2347
5035
6381
7843
7357
1124
9405
2729
4944
6486
1490
298
2365
765
5185
2459
2505
2570
1977
6329
6817
6062
4576
2514
1132
1838
730
1066
9785
9469
5290
8691
6047
1536
9750
3314
9328
1499
973
4592
2109
247
3328
1466
2084
8678
952
351
7474
6146
9358
49
5983
7117
8108
1992
367
892
8768
6893
6084
1714
4870
1410
8988
9137
3083
919
3547
971
7338
6974
4540
3664
101
564
7716
7454
7528
4758
7375
6148
7711
2819
1337
3857
3743
398
6280
3542
5816
2896
8898
4708
9069
1573
872
92
6403
4526
8093
3691
7996
1105
7132
4969
1717
874
4411
6594
1167
699
6050
5535
574
6080
8852
9884
8243
5289
5408
6225
2796
7433
8769
4907
8906
8024
4681
3064
1765
8156
1827
7714
1975
5872
3063
3801
5111
830
3100
4504
2653
5849
620
3670
3518
1435
5279
2705
7902
1878
2569
6779
7659
4018
2017
7670
9933
2267
6677
3118
3254
5987
4392
5001
7832
7814
3792
1202
4253
4025
496
8498
7304
538
1491
6324
4144
639
8151
3737
8543
3036
863
4451
5392
1324
747
7263
2231
8461
6407
1729
6988
2355
6211
1420
3657
1131
9059
9622
142
9209
9093
4796
4965
7754
2348
5674
2085
5606
5781
8300
5521
9288
1671
9895
8008
3175
2843
6860
413
3422
6695
6775
1114
1750
8489
6746
7072
7676
6885
2917
809
286
7166
8523
16
3139
157
301
9004
8404
7266
5622
3722
8817
4653
5171
4554
8555
1970
8538
3623
6619
3648
2544
5812
8819
3213
4659
5228
6961
3572
6351
1317
6318
8772
3711
1367
4993
5165
5196
8597
1258
2482
8835
7565
7461
7754
3743
1109
1605
7576
3283
5537
182
6656
9726
3293
8367
3148
2745
4808
6151
3705
6592
3758
1521
3747
3299
2458
4273
903
1753
6589
6552
2087
4980
999
8716
7198
483
781
1619
4888
986
4362
8894
8389
5421
7799
5353
1845
2498
2027
70
148
1714
7259
5271
7712
9130
1264
4590
4179
7774
739
6821
7520
5003
7503
3732
7490
1670
3712
3049
4918
445
2836
195
4795
3133
5603
4892
3633
9317
2632
1198
4048
1199
7974
2096
2066
1956
285
2212
5087
7467
835
4760
1002
3756
89
1317
1417
4987
7072
5503
4454
9364
8227
4182
5109
2772
5009
2257
3622
2506
1898
9669
4832
5934
9092
1684
3990
1433
6559
6064
6998
1445
8697
3221
5535
9997
1300
7935
47
9526
5064
3747
6069
4353
2337
3607
1844
657
6352
2876
7706
5279
4635
3275
208
8213
830
8876
6448
6125
1651
7727
6567
6729
8177
5208
4901
6393
3210
7704
2730
5783
8922
7700
8117
928
1498
3880
794
9510
2001
2335
2558
4752
5182
7465
6168
1737
438
3672
8182
3501
1658
1438
3729
6746
5157
3886
3665
9512
7424
2403
7096
5662
6913
2440
4732
3512
6572
3065
1034
8461
6353
6374
5632
1949
7409
5342
6981
1610
2198
1226
3719
9938
7210
4090
1700
1328
7551
2572
7171
9833
5079
1462
9057
2471
4332
8199
5830
5434
2953
1884
4923
3046
5837
890
5166
1803
4720
7668
5201
4346
7421
1850
3365
716
3465
5233
6979
6714
