100 200
5187
3116
7284
2161
659
4272
6224
772
8758
510
7361
7188
6238
7186
513
3590
7402
2739
3566
7435
6661
9497
5933
5102
1950
2507
451
3318
7493
198
49
9033
3314
7333
7546
325
7957
3770
7449
6715
632
4811
256
6871
1997
769
6813
5751
3508
379
3187
6522
6228
5472
7976
4531
7979
8427
7849
1825
4977
7898
858
8291
1584
4756
4969
5893
4878
8770
8961
5510
3581
9217
2381
1930
9986
5546
4034
9847
5925
7221
2721
8506
9045
697
3037
7025
5476
7238
5202
453
5136
2412
5096
3072
7168
65
8966
2046
37 69
7 82
45 50
3 86
37 68
32 38
10 82
23 93
50 61
30 75
50 83
29 64
46 51
11 32
43 50
12 62
8 94
3 59
11 75
36 60
43 85
15 56
22 48
6 57
50 87
49 65
23 80
39 54
7 31
32 34
29 60
34 55
16 33
41 85
42 49
26 73
47 53
37 72
33 33
40 82
33 60
33 90
19 92
24 38
23 48
28 36
2 92
38 50
48 55
44 48
8 13
26 51
16 39
22 73
7 37
32 33
3 15
47 88
39 73
50 61
30 66
14 17
39 53
50 87
33 60
28 91
19 48
46 51
14 20
33 55
32 74
11 84
33 37
8 36
30 96
32 69
35 52
43 86
1 52
12 80
39 94
25 31
41 71
42 57
38 92
28 82
43 84
6 24
49 96
45 47
22 52
39 40
26 44
31 63
25 94
12 82
33 96
22 93
9 89
29 71
43 51
19 61
48 80
9 38
40 75
25 85
34 73
19 59
44 49
38 69
46 68
35 57
37 87
3 27
22 79
43 76
41 76
1 38
36 39
35 84
19 99
37 71
23 53
14 41
9 88
38 71
1 59
33 91
29 32
34 53
19 35
20 48
39 70
49 84
34 44
2 53
42 76
5 40
46 65
34 63
20 40
9 25
44 44
9 28
28 39
27 45
19 29
7 10
19 56
35 91
37 39
5 5
27 66
46 67
28 40
29 35
1 45
18 81
29 32
19 71
21 57
4 39
44 65
3 83
16 96
15 32
27 42
35 72
31 83
28 53
11 65
8 56
42 74
9 42
5 6
29 85
26 83
18 18
44 55
32 38
9 96
13 23
20 76
40 69
29 69
9 23
25 90
1 65
43 90
40 46
38 81
23 40
2 4
34 86
14 22
7 74
17 18
11 68
18 51
36 87
