14,0 3,1 5,2 16,3 -9,4 -8,5 15,6 13,7 -2,8 -12,9 6,10 0,11 -3,12 8,13 -2,14
1,0 -8,1 -10,2 3,3 -13,4 3,5 -10,6 -17,7 16,8 -10,9 12,10 -8,11 -16,12 13,13 -6,14
11,0 -13,1 10,2 -12,3 14,4 7,5 -4,6 17,7 6,8 12,9 1,10 -2,11 16,12 -20,13 17,14
-11,0 -13,1 10,2 0,3 -8,4 -6,5 -16,6 -12,7 -20,8 -3,9 -15,10 -9,11 9,12 5,13 0,14
-6,0 5,1 9,2 -8,3 9,4 15,5 -10,6 -1,7 -5,8 -11,9 13,10 11,11 20,12 13,13 -17,14
-19,0 -13,1 11,2 -19,3 -18,4 6,5 0,6 -10,7 -3,8 -20,9 19,10 -5,11 0,12 14,13 -7,14
12,0 0,1 -10,2 6,3 -19,4 -18,5 -15,6 -3,7 0,8 -11,9 9,10 17,11 13,12 4,13 -1,14
9,0 -6,1 -5,2 -15,3 20,4 14,5 3,6 -15,7 -10,8 -13,9 9,10 11,11 4,12 7,13 11,14
10,0 -6,1 19,2 3,3 -10,4 8,5 -12,6 -5,7 1,8 1,9 17,10 9,11 -9,12 5,13 -11,14
-7,0 -1,1 -20,2 14,3 8,4 -11,5 17,6 -7,7 -20,8 19,9 -1,10 7,11 -17,12 -3,13 -18,14
