100 1
2423 100
2497 100
3061 100
134 100
2056 100
3257 100
951 100
1048 100
1937 100
3826 100
3895 100
1917 100
987 100
1678 100
3547 100
499 100
2114 100
3625 100
2365 100
3442 100
21 100
3737 100
1401 100
1118 100
1933 100
100 100
2384 100
3325 100
1505 100
3867 100
2240 100
3307 100
2937 100
2383 100
2020 100
2834 100
1153 100
2254 100
2907 100
3488 100
3278 100
3727 100
518 100
3631 100
1278 100
2232 100
274 100
3909 100
2411 100
2308 100
713 100
1791 100
395 100
3475 100
608 100
3589 100
716 100
2977 100
2963 100
2608 100
3152 100
3145 100
375 100
2695 100
1988 100
1393 100
1045 100
1231 100
680 100
4025 100
2583 100
2897 100
2710 100
2537 100
3733 100
2738 100
2941 100
1789 100
425 100
3405 100
1516 100
629 100
1984 100
3000 100
947 100
3940 100
418 100
1239 100
1705 100
493 100
2539 100
2727 100
3467 100
169 100
320 100
3124 100
262 100
3351 100
684 100
2171 100
