-17,0 -4,1 1,2 -14,3 19,4 2,5 18,6 8,7 14,8 -13,9 -1,10 5,11 20,12 0,13 -5,14
0,0 8,1 -6,2 10,3 -1,4 -14,5 0,6 1,7 -7,8 4,9 -9,10 5,11 16,12 8,13 0,14
-4,0 -11,1 0,2 20,3 -13,4 15,5 -11,6 -11,7 14,8 -7,9 7,10 -6,11 19,12 20,13 18,14
10,0 10,1 -18,2 -13,3 -13,4 -10,5 -3,6 -1,7 -8,8 -10,9 3,10 -11,11 2,12 -1,13 19,14
9,0 -6,1 -7,2 15,3 5,4 0,5 -7,6 -6,7 15,8 -16,9 -13,10 -16,11 -1,12 18,13 -15,14
2,0 0,1 -5,2 3,3 -5,4 11,5 -9,6 -11,7 9,8 18,9 16,10 4,11 16,12 4,13 5,14
3,0 16,1 -7,2 -2,3 -1,4 -6,5 10,6 -13,7 -14,8 -1,9 -6,10 -3,11 -6,12 -19,13 -4,14
3,0 13,1 -3,2 14,3 -20,4 -10,5 4,6 16,7 -1,8 4,9 15,10 9,11 17,12 2,13 9,14
20,0 16,1 13,2 -16,3 -10,4 -13,5 11,6 0,7 16,8 10,9 14,10 -15,11 -9,12 -1,13 -1,14
5,0 10,1 -4,2 -8,3 -16,4 7,5 1,6 -9,7 17,8 2,9 -15,10 18,11 9,12 14,13 0,14
-7,0 16,1 0,2 -1,3 -8,4 9,5 -1,6 -20,7 0,8 14,9 -5,10 -1,11 18,12 6,13 -1,14
10,0 8,1 -2,2 -5,3 7,4 17,5 -2,6 -20,7 11,8 -7,9 4,10 11,11 1,12 19,13 -7,14
-12,0 10,1 11,2 -17,3 0,4 19,5 20,6 13,7 -10,8 13,9 -20,10 10,11 -16,12 12,13 -10,14
-16,0 -11,1 -18,2 0,3 11,4 -10,5 14,6 15,7 -2,8 7,9 13,10 4,11 -2,12 5,13 0,14
-19,0 -16,1 -5,2 14,3 0,4 -2,5 -17,6 -12,7 18,8 14,9 -6,10 17,11 9,12 -6,13 -11,14
-7,0 -8,1 4,2 -2,3 -11,4 2,5 -12,6 12,7 -13,8 18,9 -20,10 -16,11 -18,12 18,13 -3,14
-19,0 8,1 -5,2 1,3 -16,4 -6,5 -1,6 13,7 11,8 1,9 2,10 19,11 -18,12 20,13 18,14
5,0 -11,1 -16,2 -5,3 13,4 12,5 -11,6 19,7 -12,8 -5,9 2,10 0,11 -20,12 7,13 -3,14
4,0 7,1 -19,2 -18,3 4,4 1,5 -20,6 4,7 -4,8 -13,9 12,10 11,11 0,12 13,13 -1,14
-11,0 -10,1 3,2 -16,3 -13,4 12,5 -14,6 -17,7 3,8 9,9 5,10 -9,11 0,12 13,13 -18,14
